-0.553474 -1.29988 -1.41712 1.88891 0.567329 0.675302 -0.573579 0.289157 
1.49268 0.964204 -0.0229105 -0.891354 -1.24786 -1.5552 1.13488 -0.600332 
0.184081 0.888861 2.70356 0.26364 0.88448 0.130771 0.38607 0.834008 
0.620496 -2.00996 0.679707 -1.10985 -0.664004 1.19754 2.02264 -0.364847 
0.458045 0.844016 0.534962 0.149554 -0.0588226 0.357241 -0.944546 1.58172 
-0.779323 1.70828 0.239675 0.376031 -0.690154 0.232343 0.00492167 1.63404 
-0.802391 0.489311 1.93517 -0.197509 2.18799 -0.217302 1.12996 -1.09772 
0.576209 0.939398 0.113578 -0.330919 -0.408903 -0.610254 1.45149 -0.256333 
-1.8792 -0.149949 -1.06029 -2.25147 -1.77152 1.15945 0.0341582 0.186353 
-0.804806 -1.64111 -1.07463 1.11115 0.814335 0.982038 -1.09099 -0.712594 
-0.334789 -0.359379 -0.615676 0.836763 0.414545 1.71044 0.571628 0.117497 
1.01475 -0.596705 -0.794116 0.085683 2.05539 -0.583896 -0.0753805 -0.3282 
0.984051 -0.56732 2.31115 0.853576 -0.643752 2.00987 0.475274 0.434056 
0.086075 0.642166 1.19592 0.787802 1.13364 -0.587453 -0.872153 1.0386 
0.505557 -1.07721 -0.0545861 0.747065 0.0562378 1.06657 1.01941 0.483377 
0.286607 0.783427 -1.27328 -0.238377 0.230522 0.72935 0.190512 -0.409996 
